09724
09724
09803
35015
35086
35182
35220
35261
35295
35607
36118
36135
65404
96929
99697
99697
35246
36062
36640
03542
36508
36640
71748
72260
71748
72369
85106
85220
85294
86026
96799
96799
96799
85220
88537
85058
85242
92137
94926
95026
98212
00092
90081
90273
91609
92814
92815
93590
93793
94661
94883
95214
95644
95766
96214
90624
91333
91435
91952
92053
92522
92750
92876
93233
93707
94250
95105
95723
95785
95865
95866
90072
90271
90310
91115
91115
91121
91561
92522
92640
92921
93118
94227
94820
95071
95281
90331
90671
91110
91394
91734
91804
92179
92723
92820
93590
94614
94661
95103
29106
90361
91129
91394
91976
92174
92179
93502
94172
91394
20278
91041
91225
93586
94016
95860
90227
91707
91976
92051
94410
94661
94913
94913
95533
95860
91041
92669
93760
94341
94821
92735
94615
91041
91394
92153
92174
92174
92302
96079
98060
62064
82344
91609
92051
94172
95071
91225
94250
80036
80826
81260
80165
80256
80932
80932
06077
06104
06126
06126
06138
06146
06147
06230
06233
06487
06535
06723
06726
06879
06879
06911
06911
06911
11111
16498
80036
06404
06493
65130
06025
06126
06132
06138
06140
06493
06530
06723
06911
19712
20033
20035
20040
20040
20043
20056
20229
20229
20403
26765
65160
11496
32870
33188
32030
32556
33188
33466
34692
32231
32556
33238
33333
33630
33661
34218
34410
34487
88183
34562
32231
33238
32125
34692
33342
33464
34673
34713
34713
33078
33089
33623
34281
34713
31654
34244
34692
33112
33630
30026
30353
30388
30392
30394
30394
31141
31141
33630
07200
30027
30167
31786
30160
30819
50981
96802
96802
96803
96804
96805
96805
96807
96836
96836
96844
96910
96910
96910
96912
96912
96913
96913
96913
96915
96915
96915
96916
96917
96919
96921
96921
96921
96928
96928
96929
96929
96929
96931
96931
96931
96932
96932
96932
50427
50427
52504
50592
52149
52409
82813
83865
83865
